  0.0046 -0.0169 -0.0265 -0.0236 -0.0177 0.0247 -0.0012 -0.0294 -0.012 0.0156
  -0.089 -0.0016 -0.0056 0.0273 0.0368 -0.0095 0.0705 -0.0349 0.0271 0.0248
  0.048 0.0171 -0.0123 0.0319 0.013 -0.0086 0.0471 -0.0009 -0.0102 0.0652
  0.0139 0.0093 -0.0064 0.0257 0.0225 0.0062 -0.0335 -0.0276 -0.0072 0.0324
  -0.0167 -0.0449


     0.5 0.5 0.5 -0.5 -0.5 -0.5 -0.5 1 0.5 -0.5 1 0.5 -0.5 0.5 0.5 -0.5 -0.5
    0.5 0.5 0.5 -0.5 0.5 0 0 -0.5 -0.5 0.5 0.5 -0.5 0 -0.5 -0.5 -0.5 0.5 -0.5
    1 -0.5 0.5 0.5 -0.5 0.5 0.5

N weights: 42
N scores:  42
inner product: -0.16835
